外层排序前(Id, endEquityTime)：[(10710521, '2025-09-11 17:10:00'), (10710537, '2025-09-11 17:30:01'), (10710261, '2025-09-11 14:45:00')]
外层排序后(Id, endEquityTime)：[(10710537, '2025-09-11 17:30:01'), (10710521, '2025-09-11 17:10:00'), (10710261, '2025-09-11 14:45:00')]